[SETTINGS]
width = 1920
height = 1080
snake_block = 30
snake_speed = 10
fullscreen = False
point_scaling = 4.999999999999999
length_scaling = 4.999999999999999

